-10.1791955015      2.026      5.11523810001
-10.1782470221      2.026      5.11128477273
-10.1783426803      2.026      5.11134128005
-10.178785622      2.026      5.11111187179
-10.178864928      2.026      5.11213269887
-10.1784023401      2.026      5.11161100852
-10.1781324743      2.026      5.11297785502
-10.1779720126      2.026      5.11067640367
-10.1788118448      2.026      5.11063788473
-10.1789820186      2.026      5.10868721991
-10.1790153955      2.026      5.10994825748
-10.180243976      2.026      5.10964687792
-10.1802971921      2.026      5.11248679747
-10.1803241134      2.026      5.11452686279
-10.1796834057      2.026      5.11321966654
-10.1798420459      2.026      5.11079066997
-10.1815857197      2.026      5.11146255909
-10.182381444      2.026      5.11085396812
-10.1804867409      2.026      5.10806605699
-10.1796227406      2.026      5.10580017675
-10.1796265784      2.026      5.10748029597
-10.1789438801      2.026      5.10852194516
-10.1801483079      2.026      5.10902032677
-10.1792396496      2.026      5.10745846082
-10.179859512      2.026      5.10940759185
-10.1797088114      2.026      5.10829259417
-10.1801936502      2.026      5.10878490047
-10.1795691136      2.026      5.1106077593
-10.1793803628      2.026      5.1101163012
-10.1749772943      2.026      5.11403779254
-10.1651582647      2.026      5.11897213623
-10.1436021558      2.026      5.10652901712
-10.1164026802      2.026      5.10515173683
-10.0820391695      2.026      5.11858900241
-10.0387204788      2.026      5.14627336972
-9.98821035744      2.026      5.16159851151
-9.93833651026      2.026      5.16813802412
-9.88817157816      2.026      5.18147680786
-9.83902281782      2.026      5.18917239859
-9.78140841552      2.026      5.19674933715
-9.71980659876      2.026      5.19842900881
-9.65639329787      2.026      5.19710459048
-9.58022272321      2.026      5.20743321459
-9.49865471653      2.026      5.21386195124
-9.40627598799      2.026      5.21885819248
-9.31537506191      2.026      5.22385405598
-9.23099201035      2.026      5.20416676107
-9.14461363494      2.026      5.19208017415
-9.05100888417      2.026      5.19139797221
-8.95034652888      2.026      5.18396815089
-8.85733158557      2.026      5.19221183807
-8.78307009276      2.026      5.22006010156
-8.68729199871      2.026      5.24984139558
-8.60381108979      2.026      5.28375577668
-8.53023462986      2.026      5.31313338719
-8.44679042756      2.026      5.34389171498
-8.35362860231      2.026      5.36824137226
-8.2703454282      2.026      5.38864206179
-8.18544148495      2.026      5.40683375807
-8.09622514168      2.026      5.41529352733
-7.99586774827      2.026      5.42051800806
-7.90009985751      2.026      5.41837072223
-7.82251171807      2.026      5.41612134203
-7.7390298768      2.026      5.41864570668
-7.65056076547      2.026      5.41122910281
-7.55775996859      2.026      5.3983605249
-7.46771478362      2.026      5.36738841737
-7.37486631396      2.026      5.32585346641
-7.29157720951      2.026      5.28027844704
-7.21129548553      2.026      5.24195216453
-7.12400403585      2.026      5.19584498345
-7.03914497598      2.026      5.1420978312
-6.96021217496      2.026      5.08078082901
-6.86909398791      2.026      5.02347836681
-6.78039829735      2.026      4.96839445713
-6.69073085509      2.026      4.90489911625
-6.59696743579      2.026      4.8317456773
-6.50768981843      2.026      4.76359394328
-6.41378496919      2.026      4.68796446586
-6.32383584685      2.026      4.64179064832
-6.23818458971      2.026      4.56353029691
-6.14213163753      2.026      4.4934629992
-6.05221395119      2.026      4.4252864729
-5.96240528351      2.026      4.361117812
-5.87475235835      2.026      4.27896981448
-5.7634338665      2.026      4.20034414711
-5.66683845675      2.026      4.11927359798
-5.56038964373      2.026      4.04720023807
-5.45343391476      2.026      3.97971602249
-5.34734589598      2.026      3.92389839733
-5.24427538822      2.026      3.86046863711
-5.13607302195      2.026      3.81562769779
-5.02841936635      2.026      3.76876005126
-4.90707268494      2.026      3.71319267055
-4.80278570118      2.026      3.66962394314
-4.70369045823      2.026      3.62665766962
-4.6029127622      2.026      3.57993055969
-4.498722109      2.026      3.55103825659
-4.38980371839      2.026      3.54163219937
-4.29197053604      2.026      3.54687121792
-4.19272875997      2.026      3.54996745967
-4.01308064065      2.026      3.56097445226
-3.9201909173      2.026      3.57567793818
-3.8280454062      2.026      3.5979378593
-3.73456554041      2.026      3.61621063948
-3.63024706397      2.026      3.6444563849
-3.53074375596      2.026      3.66522207742
-3.43047367876      2.026      3.68167680581
-3.33258034916      2.026      3.711209725
-3.21105703208      2.026      3.76591249573
-3.09830805449      2.026      3.81120318837
-2.98396822917      2.026      3.85192103531
-2.86952861879      2.026      3.9073306762
-2.76195315087      2.026      3.97334958341
-2.6445320838      2.026      4.03872414799
-2.53681952958      2.026      4.11342159171
-2.42507328842      2.026      4.19870418513
-2.32774487963      2.026      4.27903664904
-2.22644090018      2.026      4.36335557675
-2.12752770166      2.026      4.42487327076
-2.0218703397      2.026      4.50000276712
-1.92470116252      2.026      4.56814184251
-1.82341387755      2.026      4.64787606028
-1.72120774218      2.026      4.72427434939
-1.62041481504      2.026      4.80454408126
-1.53200761256      2.026      4.88806889372
-1.43451738462      2.026      4.98141965538
-1.32920461964      2.026      5.05903653832
-1.23175578172      2.026      5.14491077831
-1.12454473986      2.026      5.21916579829
-1.02093893542      2.026      5.30251024066
-0.908072641343      2.026      5.35963783234
-0.799996446985      2.026      5.43499361215
-0.681513178319      2.026      5.49480783671
-0.55691438238      2.026      5.56269398654
-0.451081307071      2.026      5.61757398949
-0.335253857511      2.026      5.66421427761
-0.217960883731      2.026      5.71137935718
-0.0938889961183      2.026      5.74913910337
0.0267130482256      2.026      5.78213983698
0.156712055618      2.026      5.83612021282
0.273080991083      2.026      5.88163017574
0.389606541592      2.026      5.92348757554
0.513695782596      2.026      5.96425783041
0.650110794669      2.026      6.00449280556
0.770987835127      2.026      6.05907593084
0.898866670257      2.026      6.12297001179
1.02147055741      2.026      6.1799210074
1.15331330038      2.026      6.24407994624
1.27318119889      2.026      6.28040994611
1.39622369681      2.026      6.33356203876
1.51844648729      2.026      6.38941249095
1.55267638108      2.026      6.39287902743
1.67813718942      2.026      6.45028245186
1.79989540609      2.026      6.49211070484
1.92157020344      2.026      6.54629530634
2.03895648662      2.026      6.58560149251
2.17094231716      2.026      6.62310730444
2.29180655702      2.026      6.66124854988
2.40940863608      2.026      6.69760489873
2.53437032088      2.026      6.73694966668
2.65913387269      2.026      6.76240184363
2.79726565081      2.026      6.78326117989
2.91720905279      2.026      6.81087616256
3.02990122474      2.026      6.83807924761
3.17821135386      2.026      6.86366523236
3.28665633177      2.026      6.87866731933
3.42285010461      2.026      6.8895781145
3.55312796525      2.026      6.89847982596
3.68651706113      2.026      6.90662880744
3.81410664004      2.026      6.92414229592
3.96270766891      2.026      6.94786675943
4.09893861212      2.026      6.96413195862
4.24743813876      2.026      6.96348774003
4.39031849011      2.026      6.97381836909
4.5366618348      2.026      6.98736866969
4.67046385792      2.026      7.00929144095
4.80613489293      2.026      7.03647794799
4.93543012389      2.026      7.0638032462
5.07890817479      2.026      7.08317111872
5.21738840526      2.026      7.10443477472
5.34739887556      2.026      7.13797827667
5.48272694834      2.026      7.1522768895
5.61925528377      2.026      7.16137060865
5.75361526111      2.026      7.18329925989
5.8884510774      2.026      7.19919017109
6.02621896304      2.026      7.20806898583
6.15997502779      2.026      7.22307611564
6.30144426135      2.026      7.23165996407
6.43761037954      2.026      7.22961566585
6.5779610176      2.026      7.23111965207
6.71695505012      2.026      7.22970809377
6.85879004673      2.026      7.22405868601
6.98905841545      2.026      7.20960738729
7.11938477076      2.026      7.1900178727
7.2545445083      2.026      7.17730227226
7.38144167274      2.026      7.15577175459
7.49494429826      2.026      7.13798738745
7.61789649161      2.026      7.11237649602
7.73005415233      2.026      7.08133343881
7.8386374699      2.026      7.04490405191
7.94046262668      2.026      7.01116676286
8.04472539834      2.026      6.97328625678
8.15845410217      2.026      6.96343996633
8.24556492633      2.026      6.91950995072
8.34218705438      2.026      6.85020900444
8.43263177837      2.026      6.79078615488
8.52392041632      2.026      6.72321210864
8.61803407708      2.026      6.64814709433
8.69797840887      2.026      6.56352814907
8.77398732787      2.026      6.47773024243
8.83442529566      2.026      6.372068008
8.89556258418      2.026      6.26271272527
8.94276182836      2.026      6.16293501566
8.98394315431      2.026      6.04653046695
9.01645858972      2.026      5.91856323978
9.03899868184      2.026      5.78649248331
9.05473310524      2.026      5.65799399465
9.07323701481      2.026      5.51979975389
9.07902096041      2.026      5.39017502183
9.07867701892      2.026      5.26198347329
9.0767140889      2.026      5.14088622359
9.06531010031      2.026      5.01760306743
9.05146484979      2.026      4.89281782478
9.02099487489      2.026      4.77178280624
8.99537240356      2.026      4.65900677046
8.94789782723      2.026      4.5564794361
8.89682749084      2.026      4.43493656324
8.83612309698      2.026      4.34181994938
8.77199611725      2.026      4.23769780935
8.69451537155      2.026      4.13591291097
8.61794772986      2.026      4.0550566573
8.52989859208      2.026      3.98248707694
8.44358175758      2.026      3.91598234724
8.34314478396      2.026      3.85799237756
8.243745772      2.026      3.81416994479
8.13369045198      2.026      3.77726290014
8.02187478335      2.026      3.75067591841
7.91351058829      2.026      3.72484993174
7.79488946269      2.026      3.7048000788
7.67985988066      2.026      3.68354223673
7.5628604985      2.026      3.65492520435
7.44429953902      2.026      3.62892766879
7.31515111353      2.026      3.59873318732
7.19259560788      2.026      3.57707095864
7.09112548678      2.026      3.55211568472
6.9834905298      2.026      3.52620899808
6.87830668032      2.026      3.50199192526
6.76877739208      2.026      3.47904942749
6.66899609568      2.026      3.46020722067
6.57216855109      2.026      3.43477661898
6.46183666546      2.026      3.41503864129
6.3469057246      2.026      3.3681183358
6.24318972692      2.026      3.34369104795
6.14205481381      2.026      3.29389992948
6.03198966498      2.026      3.25490821929
5.92313514733      2.026      3.19972866311
5.81414538145      2.026      3.1613292922
5.713181177      2.026      3.10163441663
5.60712988901      2.026      3.06039868155
5.49776800036      2.026      3.01159641185
5.38498236904      2.026      2.95454160671
5.28287800546      2.026      2.89931279893
5.18863181233      2.026      2.84007749143
5.08554753561      2.026      2.77986592169
4.9830700779      2.026      2.75566845074
4.87397722402      2.026      2.70877671361
4.76676968489      2.026      2.64533476286
4.6721997766      2.026      2.57622162814
4.57484154735      2.026      2.52210021834
4.47078188329      2.026      2.43631501946
4.3920682941      2.026      2.36336684737
4.31797407365      2.026      2.28113023152
4.24575313439      2.026      2.19201259923
4.17686591263      2.026      2.09207437916
4.10552704101      2.026      1.99970168529
4.04547438111      2.026      1.89039349675
3.99343062048      2.026      1.79619129858
3.94612287636      2.026      1.67752313728
3.90797068949      2.026      1.54179759474
3.86820482097      2.026      1.41535884719
3.8282052979      2.026      1.28527055211
3.77140711131      2.026      1.16292403579
3.73273166757      2.026      1.03702004132
3.68911023445      2.026      0.916687785339
3.67926208467      2.026      0.784088008595
3.65773567581      2.026      0.64704770031
3.65071550689      2.026      0.514161326933
3.64171000013      2.026      0.387063029575
3.64729231057      2.026      0.254647076654
3.63832750006      2.026      0.118002572727
3.64595270352      2.026      -0.0045952521801
3.66544433079      2.026      -0.133405322266
3.67540985503      2.026      -0.271441638231
3.69103407717      2.026      -0.41725019083
3.72199100518      2.026      -0.551534702635
3.75779290757      2.026      -0.665493139219
3.80326572032      2.026      -0.768382664728
3.84427187533      2.026      -0.892848626184
3.90291487346      2.026      -0.996550678682
3.98170093675      2.026      -1.0891457582
4.05205165811      2.026      -1.16930182033
4.1413037468      2.026      -1.25350792046
4.2427245326      2.026      -1.3414970561
4.36373741536      2.026      -1.42344685664
4.47537196207      2.026      -1.50414587698
4.59769936481      2.026      -1.58195494771
4.70690142112      2.026      -1.65450440183
4.82289737792      2.026      -1.71272477822
4.94923116484      2.026      -1.76985987329
5.06651947069      2.026      -1.82842003927
5.18786409006      2.026      -1.87454375715
5.30919332676      2.026      -1.91744653931
5.42672481751      2.026      -1.96804061351
5.54560029392      2.026      -2.00253365459
5.66007125597      2.026      -2.03926029005
5.79035743093      2.026      -2.05619007311
5.92099882269      2.026      -2.10123206911
6.0605264782      2.026      -2.12678411484
6.21214635301      2.026      -2.14217745147
6.35576596727      2.026      -2.16880865049
6.49333839865      2.026      -2.18486152582
6.62896158757      2.026      -2.20174602008
6.76341751351      2.026      -2.22350777411
6.89709908872      2.026      -2.24310403934
7.02894384494      2.026      -2.25272660184
7.16707060633      2.026      -2.25296964521
7.31952055974      2.026      -2.26727473407
7.46179064755      2.026      -2.26658320537
7.60214087319      2.026      -2.26814499793
7.7392015326      2.026      -2.2795574964
7.8650550035      2.026      -2.29241286607
7.99425634027      2.026      -2.31564294753
8.12501310616      2.026      -2.31981200066
8.25078524671      2.026      -2.33641066356
8.37839090228      2.026      -2.35797510419
8.5135013474      2.026      -2.37928308101
8.64253233795      2.026      -2.39385631218
8.7719337306      2.026      -2.42604649744
8.90953035054      2.026      -2.45661273952
9.04046635699      2.026      -2.49259646115
9.17549980664      2.026      -2.52213719211
9.30205450935      2.026      -2.56630819397
9.43142025595      2.026      -2.6116612977
9.55105993934      2.026      -2.65103928094
9.67029673038      2.026      -2.6967624001
9.79387934256      2.026      -2.74452058229
9.9234107965      2.026      -2.78371326585
10.0453775815      2.026      -2.83517356296
10.159792593      2.026      -2.90003845792
10.2558713366      2.026      -2.98726688976
10.346994805      2.026      -3.07597552319
10.4381473674      2.026      -3.16624981546
10.5177080329      2.026      -3.2627894887
10.5851133047      2.026      -3.31836639042
10.638044465      2.026      -3.42815833044
10.6868703779      2.026      -3.53688457203
10.716424295      2.026      -3.65264137383
10.7530360547      2.026      -3.76996439428
10.7880254862      2.026      -3.89044778805
10.8184608021      2.026      -4.02313508568
10.8414641332      2.026      -4.15852877378
10.8453348404      2.026      -4.29088679428
10.8633123024      2.026      -4.43277399673
10.8560731108      2.026      -4.56909729557
10.8402805481      2.026      -4.71279918633
10.8235181301      2.026      -4.84880330696
10.7929740692      2.026      -5.0070971405
10.76259533      2.026      -5.15561332741
10.7273031577      2.026      -5.3207728219
10.6821140591      2.026      -5.46965471764
10.6427615768      2.026      -5.62162958603
10.5878492805      2.026      -5.77452871399
10.5257632927      2.026      -5.9231450634
10.4607128515      2.026      -6.07246052799
10.3930906984      2.026      -6.20122643642
10.3284992935      2.026      -6.31786684303
10.2477480103      2.026      -6.43517731972
10.1561016061      2.026      -6.55896205168
10.0750431896      2.026      -6.65446772118
9.98411057053      2.026      -6.75085145111
9.888418151      2.026      -6.84378196497
9.80276570187      2.026      -6.92392687626
9.70972804337      2.026      -6.99945162621
9.61136210327      2.026      -7.05633819809
9.51131764269      2.026      -7.08557202253
9.40960081959      2.026      -7.13645961056
9.29949370575      2.026      -7.16892516861
9.18389689045      2.026      -7.18580394878
9.06696113205      2.026      -7.21672419128
8.93911686697      2.026      -7.23131408739
8.80499247217      2.026      -7.25148194609
8.67331936092      2.026      -7.25748538761
8.53210826683      2.026      -7.27344925079
8.38454853191      2.026      -7.29324019527
8.23561583099      2.026      -7.3175050518
8.07810491514      2.026      -7.32543680391
7.92983011417      2.026      -7.32944464245
7.78037225676      2.026      -7.33960295305
7.61808741722      2.026      -7.35023146553
7.4704825386      2.026      -7.34413348961
7.31495400581      2.026      -7.34885862274
7.17711717758      2.026      -7.34095892258
7.02938598442      2.026      -7.32787973938
6.89406981754      2.026      -7.3118945776
6.74233544865      2.026      -7.30834790325
6.59388096905      2.026      -7.33125923977
6.46203257627      2.026      -7.31203206949
6.32638533525      2.026      -7.29581021109
6.1907151412      2.026      -7.24920898485
6.06617741165      2.026      -7.22159435005
5.94315621634      2.026      -7.18780990725
5.8163184454      2.026      -7.16022936611
5.69309946232      2.026      -7.12158449402
5.55589264431      2.026      -7.08553972054
5.42424876366      2.026      -7.03682554646
5.28962048216      2.026      -6.99407841139
5.15406150656      2.026      -6.94204182997
5.00921219788      2.026      -6.90595156498
4.88118560982      2.026      -6.87265037117
4.7567353898      2.026      -6.83485008402
4.61792125273      2.026      -6.79060624418
4.49084025831      2.026      -6.76053050833
4.36154321661      2.026      -6.71492524862
4.22122772379      2.026      -6.66969415121
4.08319599237      2.026      -6.62213568926
3.93752080221      2.026      -6.58788125448
3.80926444273      2.026      -6.53531536093
3.68002058563      2.026      -6.48487703342
3.54172180529      2.026      -6.44728190355
3.4172014636      2.026      -6.39901281214
-10.1791955015      2.026      5.11523810001
-10.1782470221      2.026      5.11128477273
-10.1783426803      2.026      5.11134128005
-10.1787855814      2.026      5.11111185261
-10.178864928      2.026      5.11213269887
-10.1784023706      2.026      5.11161102614
-10.1781323792      2.026      5.1129777205
-10.1779719544      2.026      5.11067634673
-10.1788117516      2.026      5.11063775657
-10.1789819789      2.026      5.10868719636
-10.1790048152      2.026      5.11001120485
-10.1802162153      2.026      5.10966981271
-10.1802973186      2.026      5.11248693878
-10.1802698967      2.026      5.1145521265
-10.1796373308      2.026      5.11324149603
-10.1798305182      2.026      5.11079691578
-10.1815857288      2.026      5.11146261026
-10.1824486881      2.026      5.1108386601
-10.1804867232      2.026      5.10806611403
-10.1796227236      2.026      5.1058003393
-10.1796269547      2.026      5.10748036894
-10.1789439126      2.026      5.10852188726
-10.1801530105      2.026      5.10903031275
-10.1792395265      2.026      5.10745847873
-10.1798495933      2.026      5.10942670448
-10.1796544671      2.026      5.1082917878
-10.1801935703      2.026      5.10878504298
-10.1795512306      2.026      5.1107289788
-10.1793804876      2.026      5.1101163629
-10.1749770696      2.026      5.11403771508
-10.1651580629      2.026      5.1189721867
-10.1436021374      2.026      5.10652899234
-10.1163630971      2.026      5.10517280861
-10.0820393249      2.026      5.11858904511
-10.0387206269      2.026      5.14627332666
-9.98821038721      2.026      5.16159842361
-9.938265322      2.026      5.16813548218
-9.88817160773      2.026      5.18147682338
-9.83901433728      2.026      5.18909026963
-9.78140771626      2.026      5.19674370765
-9.7198199043      2.026      5.1983027983
-9.656374322      2.026      5.19694125939
-9.58025166921      2.026      5.20728683799
-9.49865465718      2.026      5.21386202362
-9.40637060876      2.026      5.2187925588
-9.31532209925      2.026      5.22378177904
-9.23075498004      2.026      5.20397593493
-9.14456882702      2.026      5.19210500433
-9.05113687068      2.026      5.1915238404
-8.95009732954      2.026      5.18382325286
-8.85736499091      2.026      5.19208567712
-8.78309627025      2.026      5.21981730942
-8.68756573183      2.026      5.24973645752
-8.6042418916      2.026      5.28362139502
-8.53047216373      2.026      5.31319006769
-8.44659188384      2.026      5.3436394751
-8.35348010094      2.026      5.36813065327
-8.27049833268      2.026      5.38850352596
-8.18543523047      2.026      5.40688265219
-8.09633403733      2.026      5.41531389179
-7.99589476519      2.026      5.4205081002
-7.90022428879      2.026      5.4182003341
-7.82189934616      2.026      5.41598278372
-7.73888127966      2.026      5.41846405733
-7.65011098189      2.026      5.41114357388
-7.55715842055      2.026      5.39789974908
-7.4672629664      2.026      5.36737283928
-7.37474802645      2.026      5.3255542459
-7.29158099793      2.026      5.27992148403
-7.21107363181      2.026      5.24121520756
-7.12390183044      2.026      5.19531837756
-7.03968067696      2.026      5.14161171837
-6.96020685283      2.026      5.08036083027
-6.86883726464      2.026      5.02312754289
-6.7801918348      2.026      4.96813488655
-6.69016591557      2.026      4.90460683621
-6.59747433833      2.026      4.83156993302
-6.50765930317      2.026      4.76345763234
-6.41428730614      2.026      4.68746463892
-6.3237828819      2.026      4.64163020141
-6.23823755033      2.026      4.56285922906
-6.14221917615      2.026      4.4927906158
-6.05249587932      2.026      4.42379942946
-5.96222758139      2.026      4.36068609325
-5.87433674394      2.026      4.27813578833
-5.76407987498      2.026      4.19964475919
-5.66659314811      2.026      4.11854165032
-5.56020519828      2.026      4.04634867193
-5.45365165828      2.026      3.97858979298
-5.34790981452      2.026      3.92279855902
-5.24438426328      2.026      3.85954656854
-5.13681736567      2.026      3.81454290454
-5.02900673569      2.026      3.76801456681
-4.90751419305      2.026      3.71196150495
-4.80305248483      2.026      3.66836912953
-4.70422186882      2.026      3.6252326803
-4.60261386911      2.026      3.57899242705
-4.49745041788      2.026      3.55055181267
-4.38931649133      2.026      3.54060709666
-4.29136540422      2.026      3.54535440111
-4.19237679183      2.026      3.54928154185
-4.01450228214      2.026      3.56060469332
-3.92063222013      2.026      3.57502640462
-3.82865376899      2.026      3.59640059102
-3.73552142944      2.026      3.61592579298
-3.63084351165      2.026      3.64414743302
-3.53207247918      2.026      3.66465723808
-3.43242679188      2.026      3.68080415189
-3.3343871171      2.026      3.71080936298
-3.21220459888      2.026      3.76570036232
-3.09903349657      2.026      3.81104917202
-2.98552689028      2.026      3.85195777931
-2.87086058691      2.026      3.90727771084
-2.76212095091      2.026      3.9739972347
-2.64481073966      2.026      4.03864456897
-2.53728860893      2.026      4.11309272604
-2.42597515798      2.026      4.19747914042
-2.32751748841      2.026      4.27834530027
-2.22730307629      2.026      4.36208430212
-2.12692144186      2.026      4.42392373088
-2.02182248542      2.026      4.49882038134
-1.92566468043      2.026      4.56664050952
-1.82387608754      2.026      4.64695253094
-1.72092341558      2.026      4.72339465774
-1.62102733309      2.026      4.80425184539
-1.5325935528      2.026      4.88685113757
-1.43456495966      2.026      4.97893131362
-1.32934983239      2.026      5.0579427784
-1.23148280377      2.026      5.14308764973
-1.12426800694      2.026      5.21732551537
-1.02137071974      2.026      5.30259633067
-0.907624820656      2.026      5.35951792803
-0.800845536417      2.026      5.43482525697
-0.682056899184      2.026      5.49386138185
-0.557509781593      2.026      5.56291232367
-0.45261342133      2.026      5.61738423431
-0.336053711138      2.026      5.66403471847
-0.218043980822      2.026      5.71103509877
-0.0947444271266      2.026      5.74911625064
0.0264765590966      2.026      5.7823050845
0.155655058223      2.026      5.83667549551
0.272693824846      2.026      5.8822411176
0.389032891899      2.026      5.92321055346
0.512624546343      2.026      5.96432173362
0.650133821326      2.026      6.00463973511
0.770539375049      2.026      6.0588742771
0.899247056657      2.026      6.12609532407
1.02162860847      2.026      6.17937261124
1.15319245248      2.026      6.24428250685
1.27266902745      2.026      6.28008547552
1.39624930313      2.026      6.33405352586
1.51886692443      2.026      6.38933649712
1.55395310988      2.026      6.39325872111
1.67798694596      2.026      6.44999344354
1.80024540582      2.026      6.49234042859
1.92070117543      2.026      6.54610387318
2.03706655049      2.026      6.58601210561
2.17004303148      2.026      6.62246713102
2.29083600545      2.026      6.66145023599
2.40848195004      2.026      6.69747657743
2.53435388796      2.026      6.73726044581
2.65913356369      2.026      6.76224644229
2.79619735239      2.026      6.78337337129
2.91629471321      2.026      6.8102875082
3.0297142221      2.026      6.83788296485
3.17579962187      2.026      6.8627222806
3.28733121815      2.026      6.87888334274
3.422469206      2.026      6.88952997088
3.55461456184      2.026      6.89769231853
3.68587561965      2.026      6.90608244815
3.81472751589      2.026      6.92435022421
3.96225002594      2.026      6.94781085701
4.09985681086      2.026      6.96475585661
4.24655719018      2.026      6.96349442925
4.39029326591      2.026      6.97399545269
4.53651769934      2.026      6.98824587374
4.66909480004      2.026      7.00868855367
4.80578899422      2.026      7.03783428288
4.93470527606      2.026      7.06418628154
5.07882532582      2.026      7.0829516459
5.216068893      2.026      7.10397649417
5.34693376412      2.026      7.13750115132
5.48127265296      2.026      7.15263527732
5.61859920645      2.026      7.16156240263
5.75279408174      2.026      7.18287538896
5.88757975726      2.026      7.19927517924
6.02558360176      2.026      7.20772206841
6.15892513957      2.026      7.22291914248
6.30219741597      2.026      7.23122093892
6.43661924205      2.026      7.22946871715
6.57712692914      2.026      7.23087316518
6.71603821735      2.026      7.2297711607
6.85715161414      2.026      7.22423267646
6.98906151705      2.026      7.20926164255
7.11886189566      2.026      7.19002712469
7.25507318339      2.026      7.17735153918
7.38132672272      2.026      7.15608206062
7.49496957474      2.026      7.13831299362
7.61738869891      2.026      7.11234856944
7.73057272301      2.026      7.08106501083
7.83847645049      2.026      7.04586520705
7.93975687561      2.026      7.01162590866
8.04417922168      2.026      6.97396311984
8.15857370089      2.026      6.96260918168
8.24510629748      2.026      6.91848184518
8.34108297695      2.026      6.84947767938
8.43258338941      2.026      6.79027045978
8.52375251554      2.026      6.7216653252
8.61774031752      2.026      6.64714119824
8.69698353251      2.026      6.5634064557
8.77307598327      2.026      6.47769501356
8.83366270929      2.026      6.37157484065
8.89481896955      2.026      6.26223279944
8.94263591649      2.026      6.16249641437
8.98464300032      2.026      6.04595995613
9.01607222676      2.026      5.91957816307
9.03887101339      2.026      5.78612326626
9.05417133492      2.026      5.65749813231
9.07353712972      2.026      5.51828510517
9.07893543299      2.026      5.39003770417
9.0783323696      2.026      5.26110977696
9.07595638627      2.026      5.1399907833
9.06543293618      2.026      5.01744749907
9.05069050449      2.026      4.89212767824
9.02086759037      2.026      4.77160666879
8.99475597042      2.026      4.65865116152
8.94709804834      2.026      4.55538467277
8.89768925027      2.026      4.43480729483
8.83604358796      2.026      4.34089820479
8.77208137378      2.026      4.2376988923
8.69378424381      2.026      4.1350432773
8.61676838845      2.026      4.05458568534
8.53035091952      2.026      3.98129891442
8.44360457548      2.026      3.91507149929
8.34245880731      2.026      3.85791565269
8.24326092963      2.026      3.81329777083
8.13225033832      2.026      3.77713114276
8.02072585697      2.026      3.74930363865
7.91214110241      2.026      3.72403179913
7.79460833025      2.026      3.70442778864
7.67812343426      2.026      3.68301607533
7.56070573125      2.026      3.65458656125
7.44351394196      2.026      3.62829560394
7.31380107427      2.026      3.59816711202
7.19231248598      2.026      3.5756981431
7.09033911324      2.026      3.55109311714
6.98249954081      2.026      3.52518394175
6.8783461535      2.026      3.50088212647
6.76710341573      2.026      3.47849821057
6.66869713173      2.026      3.45944233589
6.57097456174      2.026      3.43360853658
6.46040219841      2.026      3.41393547897
6.34525826721      2.026      3.36756479607
6.2275967845      2.026      3.35183142805
6.1416999084      2.026      3.29453783488
6.03247328176      2.026      3.25516402769
5.92339845247      2.026      3.20066327066
5.81444510927      2.026      3.16247833681
5.71339321027      2.026      3.10155626588
5.60811387601      2.026      3.06076071191
5.49858889451      2.026      3.01235323071
5.3850595192      2.026      2.95475344181
5.28415592723      2.026      2.90029244933
5.18948348818      2.026      2.83964100771
5.08517916598      2.026      2.77992563224
4.98399886608      2.026      2.75685396996
4.8749978622      2.026      2.71042088656
4.7678935842      2.026      2.64698326869
4.67278492594      2.026      2.5779944171
4.57509084377      2.026      2.52361197929
4.47167736421      2.026      2.43790009503
4.39304700518      2.026      2.36488670912
4.31948344259      2.026      2.28274373255
4.24592476778      2.026      2.19400737772
4.17702077556      2.026      2.09278099837
4.10619803176      2.026      1.99986412578
4.04704349694      2.026      1.8906124249
3.99184971843      2.026      1.79623805861
3.94291718526      2.026      1.67364831967
3.90002004976      2.026      1.53502971048
3.85783640718      2.026      1.40889693251
3.82018375716      2.026      1.28143360763
3.7700327076      2.026      1.16344381809
3.73185815244      2.026      1.03695395074
3.68640869546      2.026      0.91577394166
3.67895338645      2.026      0.78319157958
3.65534133182      2.026      0.647227081823
3.64874418883      2.026      0.514137469625
3.64060548954      2.026      0.388972232437
3.6465963613      2.026      0.254795334578
3.63603571639      2.026      0.117833841848
3.64315598822      2.026      -0.00478223047257
3.66418760052      2.026      -0.133255387306
3.67324675035      2.026      -0.272162122822
3.68969832501      2.026      -0.417300618124
3.72019698577      2.026      -0.550525809908
3.75511849661      2.026      -0.665150209713
3.80320915499      2.026      -0.768246416569
3.84389657612      2.026      -0.891986342239
3.90132253633      2.026      -0.99558524127
3.97888149786      2.026      -1.08837445459
4.05054206729      2.026      -1.1691213244
4.14012925782      2.026      -1.25296772265
4.24183526535      2.026      -1.34090998821
4.36432602863      2.026      -1.42421956291
4.47547542758      2.026      -1.50308597283
4.59812958431      2.026      -1.58092242298
4.70788980212      2.026      -1.65336175275
4.82480648293      2.026      -1.71159381938
4.9501306941      2.026      -1.76814441042
5.0677734283      2.026      -1.82758240933
5.18910501394      2.026      -1.87263863916
5.3100432086      2.026      -1.91545048723
5.42706406751      2.026      -1.96750033259
5.54674576654      2.026      -2.00194552374
5.6608113956      2.026      -2.03909880357
5.79039850516      2.026      -2.0555418921
5.92105846066      2.026      -2.10077583461
6.06096861243      2.026      -2.12547625527
6.21397873707      2.026      -2.14008968716
6.35558922672      2.026      -2.16717875538
6.49545120573      2.026      -2.18371103487
6.62924889655      2.026      -2.20017304521
6.76403247561      2.026      -2.22198639226
6.89856318631      2.026      -2.24139113688
7.02947021904      2.026      -2.25192895317
7.1682885931      2.026      -2.25211921062
7.32116414847      2.026      -2.26580842042
7.46517131348      2.026      -2.26522629051
7.60329628501      2.026      -2.26636947579
7.73971452494      2.026      -2.27882018499
7.86562493882      2.026      -2.29066908545
7.99526476579      2.026      -2.31347115149
8.12605050325      2.026      -2.31831465635
8.25261949482      2.026      -2.33433823299
8.38052846847      2.026      -2.35675920434
8.51353410745      2.026      -2.37709947143
8.64434596047      2.026      -2.39262886329
8.77314971151      2.026      -2.42334646845
8.91040154285      2.026      -2.45485645466
9.04180654173      2.026      -2.49126961985
9.17654076114      2.026      -2.51980357671
9.30305778909      2.026      -2.56386591277
9.43271335354      2.026      -2.61019545269
9.55108969035      2.026      -2.64941616368
9.6716458252      2.026      -2.69571851006
9.79448393593      2.026      -2.74344982071
9.92328144941      2.026      -2.78397390146
10.0456614467      2.026      -2.83533247876
10.160857477      2.026      -2.89900939269
10.2567814878      2.026      -2.98783178997
10.3481261614      2.026      -3.07486429157
10.4390487563      2.026      -3.16455189257
10.5176836602      2.026      -3.26170776777
10.6023201716      2.026      -3.36187314882
10.6819022459      2.026      -3.45145724201
10.7307398985      2.026      -3.5590434164
10.7605760994      2.026      -3.67575447998
10.7969856834      2.026      -3.79280575523
10.8303347944      2.026      -3.91311182117
10.861037988      2.026      -4.04732887259
10.885184735      2.026      -4.18126318865
10.888403307      2.026      -4.31382888184
10.9042427751      2.026      -4.45714709158
10.8979821896      2.026      -4.59390888977
10.8816344893      2.026      -4.73572376995
10.8634898348      2.026      -4.87228893909
10.8339128342      2.026      -5.03015830193
10.8054100906      2.026      -5.18133200722
10.7685034895      2.026      -5.34377359447
10.7243748932      2.026      -5.49192448578
10.6852410677      2.026      -5.64255206051
10.6302858382      2.026      -5.79703425951
10.5682869768      2.026      -5.94470912037
10.5027650957      2.026      -6.09387323627
10.4345653252      2.026      -6.22443521118
10.3709504986      2.026      -6.33967555389
10.2880706338      2.026      -6.45844737577
10.19482434      2.026      -6.58077738161
10.1147086718      2.026      -6.67665193539
10.0229937529      2.026      -6.77486786556
9.92799794121      2.026      -6.86618623047
9.84283690319      2.026      -6.9478722002
9.74972412586      2.026      -7.0221108099
9.65306770248      2.026      -7.07867545586
9.55164177933      2.026      -7.10903391075
9.45163108339      2.026      -7.1574930625
9.33910275345      2.026      -7.18995451775
9.22484194145      2.026      -7.20665656395
9.10813641815      2.026      -7.23802891769
8.98118533745      2.026      -7.25218869972
8.84607464123      2.026      -7.27197696362
8.71480296249      2.026      -7.27808617859
8.57241878853      2.026      -7.29327758331
8.4243420433      2.026      -7.31201537132
8.27535834579      2.026      -7.33715454521
8.11745287018      2.026      -7.34533528748
7.96966138439      2.026      -7.34923899593
7.81926238651      2.026      -7.35821983891
7.65929388885      2.026      -7.36919163742
7.50946892128      2.026      -7.36388859291
7.35446004448      2.026      -7.36738354416
-10.1802701474      2.026      5.11455211843
-10.179683502      2.026      5.11321961141
-10.1798420497      2.026      5.1107905965
-10.1815857067      2.026      5.11146259001
-10.1823816755      2.026      5.11085384698
-10.1804988218      2.026      5.1080509595
-10.1796228485      2.026      5.10580036007
-10.1796266542      2.026      5.1074803045
-10.1789438819      2.026      5.10852193859
-10.1802318709      2.026      5.10904515668
-10.1792394943      2.026      5.10745842244
-10.179849621      2.026      5.10942672226
-10.1796588737      2.026      5.10824265829
-10.1801936826      2.026      5.1087848986
-10.1795342377      2.026      5.11071654943
-10.1793804221      2.026      5.11011627191
-10.1749769761      2.026      5.11403777652
-10.1651581457      2.026      5.11897199664
-10.1436021966      2.026      5.10652895443
-10.116363786      2.026      5.10515018326
-10.0821045675      2.026      5.11858561977
-10.0387209077      2.026      5.14627351719
-9.98824092518      2.026      5.16185730277
-9.93817923144      2.026      5.16817638137
-9.88812348091      2.026      5.18142895401
-9.83902272904      2.026      5.18917238651
-9.78138278805      2.026      5.19670062853
-9.71979384236      2.026      5.19841303992
-9.65639323859      2.026      5.19710462839
-9.58057466848      2.026      5.20702896807
-9.49865477598      2.026      5.21386182716
-9.40638449449      2.026      5.21886584344
-9.31539011658      2.026      5.2238456345
-9.23101962762      2.026      5.20412290152
-9.14457445663      2.026      5.19207262232
-9.05100404304      2.026      5.19139111795
-8.95033888002      2.026      5.18394415632
-8.85730967713      2.026      5.19221324625
-8.78320768135      2.026      5.22006135702
-8.68755850725      2.026      5.249915931
-8.60408175136      2.026      5.28376637374
-8.53029589766      2.026      5.31322713032
-8.44705809752      2.026      5.34403719652
-8.35356417189      2.026      5.36824941666
-8.27026092824      2.026      5.3885008499
-8.18552136058      2.026      5.40685907968
-8.0965040976      2.026      5.4153012393
-7.99589876439      2.026      5.42040242956
-7.900134558      2.026      5.41830780459
-7.82227461869      2.026      5.41590570267
-7.73896772011      2.026      5.41870125453
-7.6506822329      2.026      5.41123919058
-7.55777450965      2.026      5.39843175513
-7.46743040303      2.026      5.36736956782
-7.37498442719      2.026      5.32588304234
-7.29102790211      2.026      5.2803423831
-7.21129140692      2.026      5.24185957339
-7.12399050648      2.026      5.19574135891
-7.0391514057      2.026      5.14207990537
-6.9598186603      2.026      5.08086151844
-6.86906249906      2.026      5.02359349016
-6.78009723701      2.026      4.96830806022
-6.69005443827      2.026      4.90457472986
-6.59702402153      2.026      4.83175256448
-6.50736671314      2.026      4.76351806211
-6.4138548009      2.026      4.68797930549
-6.32366516709      2.026      4.64187665095
-6.23832222979      2.026      4.56362475617
-6.14224575999      2.026      4.49371310251
-6.05257627444      2.026      4.42529041953
-5.96257632089      2.026      4.3613283545
-5.87493350937      2.026      4.27909621923
-5.76346491528      2.026      4.19997394886
-5.66655959991      2.026      4.11945424992
-5.55963787974      2.026      4.04677643625
-5.45341823629      2.026      3.97926401716
-5.3472508541      2.026      3.92358031904
-5.24444780381      2.026      3.86022425506
-5.13672323092      2.026      3.81615059053
-5.02814745109      2.026      3.76854625828
-4.90674527602      2.026      3.71325646348
-4.80313897451      2.026      3.66941526209
-4.70398794973      2.026      3.62687149622
-4.6029176531      2.026      3.58009103659
-4.49749806086      2.026      3.55160226578
-4.38872211981      2.026      3.54177749958
-4.29065170367      2.026      3.5465111799
-4.19194557487      2.026      3.55010110987
-4.0137303968      2.026      3.56005769629
-3.92034540552      2.026      3.57492156836
-3.82802737437      2.026      3.5967638091
-3.73496079267      2.026      3.61513698784
-3.63051069776      2.026      3.64359469336
-3.53145074278      2.026      3.66434515747
-3.43043842565      2.026      3.68082665385
-3.33319828016      2.026      3.71010082635
-3.21085542394      2.026      3.76487896661
-3.09845734683      2.026      3.81067792004
-2.98455287007      2.026      3.85135673696
-2.87050079416      2.026      3.90647753597
-2.7628703463      2.026      3.97275386978
-2.64547934278      2.026      4.03777731978
-2.53748562709      2.026      4.11143247336
-2.42609695848      2.026      4.19624982964
-2.32791331116      2.026      4.27650834793
-2.22616389858      2.026      4.36093582715
-2.12736234393      2.026      4.42323554621
-2.02282396724      2.026      4.49823508452
-1.92485590445      2.026      4.56701967962
-1.82342159736      2.026      4.64685203989
-1.721682743      2.026      4.72311128152
-1.62108535926      2.026      4.8036534189
-1.53243665676      2.026      4.88667465711
-1.43517941522      2.026      4.98004665371
-1.32905692038      2.026      5.05804603656
-1.23216895942      2.026      5.14387369231
-1.12457513014      2.026      5.2176975793
-1.02106912376      2.026      5.30182652594
-0.906929135409      2.026      5.35876049527
-0.801249969092      2.026      5.4334222103
-0.682124606846      2.026      5.49363435082
-0.557195825598      2.026      5.56264179475
-0.450536501815      2.026      5.61716021939
-0.335739889147      2.026      5.66322040228
-0.217907453058      2.026      5.7106194375
-0.0940815455653      2.026      5.74805884196
0.0268361669801      2.026      5.78069734804
0.156548490724      2.026      5.83532481554
0.27403147386      2.026      5.88086352683
0.389389298829      2.026      5.92237499007
0.513177008852      2.026      5.9634713421
0.650879934677      2.026      6.00351793133
0.770839962229      2.026      6.05807353021
0.899047530755      2.026      6.12245930232
1.02150059985      2.026      6.17835592056
1.15343289429      2.026      6.24372313589
1.27260900007      2.026      6.27943340362
1.39579966937      2.026      6.33278521476
1.51859776302      2.026      6.38879145623
1.55361140262      2.026      6.393388225
1.67773866009      2.026      6.44946629575
1.79948675572      2.026      6.49192128626
1.9204165007      2.026      6.54633209242
2.03800902833      2.026      6.58598361529
2.1704992107      2.026      6.62273968569
2.29096340047      2.026      6.66168194286
2.40872952689      2.026      6.69764714326
2.53404487344      2.026      6.73715773612
2.66000726827      2.026      6.76240781444
2.79615312208      2.026      6.78256714214
2.91655866328      2.026      6.80964088212
3.03000782245      2.026      6.83785600694
3.17792269667      2.026      6.86331980485
3.2877131791      2.026      6.87851296405
3.42495434412      2.026      6.88927823108
3.55391691769      2.026      6.89794098796
3.68646650451      2.026      6.90645215544
3.81464932979      2.026      6.92409379591
3.9631494584      2.026      6.94804844836
4.10067012457      2.026      6.96408235
4.24762129439      2.026      6.96317849339
4.39075525297      2.026      6.97337768139
4.53723666419      2.026      6.98728618611
4.66945436844      2.026      7.00896653646
4.80556011599      2.026      7.03611041554
4.93471626524      2.026      7.06351974891
5.07908459877      2.026      7.08233480505
5.21727032603      2.026      7.10460054578
5.34745527419      2.026      7.13775819176
5.48258131174      2.026      7.15239914917
5.6196907123      2.026      7.16121165699
5.75303424534      2.026      7.18360529131
5.88915689839      2.026      7.19876618708
6.02658272628      2.026      7.20807463597
6.15973660935      2.026      7.22322387923
6.30215812529      2.026      7.23146972836
6.43698241771      2.026      7.22917887033
6.57726392573      2.026      7.23116967782
6.71683662561      2.026      7.23017661499
6.85904977254      2.026      7.22414599131
6.98956209372      2.026      7.20947169522
7.11855903152      2.026      7.19015915655
7.25524629887      2.026      7.17770970744
7.38205688232      2.026      7.15646480688
7.49553147796      2.026      7.13887569784
7.61775751647      2.026      7.11299052304
7.72978809227      2.026      7.08187171186
7.83725038451      2.026      7.04666837224
7.93913839043      2.026      7.01214388503
8.05493170903      2.026      6.99255059717
8.15983101018      2.026      6.96227404726
8.24667964895      2.026      6.91797256435
8.34276322754      2.026      6.84842034543
8.4336333133      2.026      6.78949258383
8.52587240022      2.026      6.72161128119
8.61953923867      2.026      6.64669187353
8.69854482339      2.026      6.56254848288
8.77497463358      2.026      6.47690292724
8.83491267752      2.026      6.37135895477
8.89629361729      2.026      6.2625819779
8.94384922075      2.026      6.16194474446
8.98643882508      2.026      6.04585899606
9.01877392816      2.026      5.91771531306
9.03979525469      2.026      5.78502209685
9.05512237266      2.026      5.65653418415
9.07501444395      2.026      5.51806971706
9.0797535085      2.026      5.38890059832
9.08040987094      2.026      5.2607019738
9.07803037408      2.026      5.13876877134
9.06641411556      2.026      5.01639754213
9.05158179153      2.026      4.89160359777
9.02210018829      2.026      4.7702773435
8.99602404126      2.026      4.65705862445
8.94863280038      2.026      4.55451902579
8.89782370437      2.026      4.4338251592
8.83716246885      2.026      4.3404992741
8.77262010783      2.026      4.23613741502
8.69524007505      2.026      4.13450450214
8.61909886626      2.026      4.05372922658
8.53138071269      2.026      3.98087772187
8.44355587505      2.026      3.91439916185
8.34404789871      2.026      3.85674707731
8.24443841484      2.026      3.81283523166
8.13397421267      2.026      3.7760986048
8.02206170948      2.026      3.74940453346
7.91377908781      2.026      3.72363291109
7.79569259603      2.026      3.70377068193
7.67960210516      2.026      3.68253018916
7.56265139892      2.026      3.65362037838
7.44453588574      2.026      3.62773801301
7.31489354751      2.026      3.59782648723
7.19472387059      2.026      3.57646638901
7.09096741083      2.026      3.55074598348
6.98394619601      2.026      3.52479436514
6.87871433194      2.026      3.50120265992
6.76955157759      2.026      3.47775363505
6.66829420054      2.026      3.45879440596
6.57252965038      2.026      3.43344253585
6.46133860419      2.026      3.41418803637
6.34820148242      2.026      3.36711088469
6.24343141816      2.026      3.34423642628
6.14129062722      2.026      3.29355477993
6.03205205004      2.026      3.25484041808
5.92290899732      2.026      3.20032963884
5.81344926622      2.026      3.16187047994
5.71380942614      2.026      3.10078652365
5.60688376796      2.026      3.06000746467
5.49803046467      2.026      3.01163175976
5.38439886901      2.026      2.95455106609
5.28326967647      2.026      2.89953818309
5.18911681645      2.026      2.83960182354
5.08577700813      2.026      2.77950669296
4.98370628245      2.026      2.75548667223
4.87431148541      2.026      2.70919013741
4.76688066928      2.026      2.64541206501
4.67197983215      2.026      2.57517951171
4.57501918137      2.026      2.52139605763
4.47120276897      2.026      2.4350354161
4.39150675948      2.026      2.36394231017
4.3181916713      2.026      2.2814685056
4.24518753607      2.026      2.19244995291
4.17605408084      2.026      2.09206398132
4.10503725936      2.026      1.99729827774
4.04579657276      2.026      1.88950083454
3.99173060405      2.026      1.79493045356
3.94158408768      2.026      1.67207454426
3.89906342051      2.026      1.53318161147
3.85784764817      2.026      1.40930982602
3.8177226423      2.026      1.27947511175
3.76854245496      2.026      1.16143986478
3.72944118152      2.026      1.03575824885
3.68648229313      2.026      0.9137227911
3.67632370539      2.026      0.781257226658
3.65444960403      2.026      0.645147533798
3.64821195807      2.026      0.51277640605
3.64067415948      2.026      0.386824836206
3.64439344654      2.026      0.253109633255
3.63757478199      2.026      0.116755568314
3.64242166152      2.026      -0.00678426671028
3.66518979316      2.026      -0.134694583559
3.67428802595      2.026      -0.273001784992
3.69033468676      2.026      -0.417879738903
3.72087123356      2.026      -0.552060127449
3.75575271444      2.026      -0.666331134701
3.80180383172      2.026      -0.768508239508
3.84398164673      2.026      -0.89350794487
3.90153519926      2.026      -0.997728700352
3.9785996604      2.026      -1.09005410204
4.05062870474      2.026      -1.17080773287
4.140402106      2.026      -1.25437972002
4.25710630693      2.026      -1.33800716734
4.360422436      2.026      -1.42368759952
4.47169132233      2.026      -1.50486997375
4.59412648969      2.026      -1.58231542792
4.7060867909      2.026      -1.65354019637
4.82129852519      2.026      -1.71217775102
4.94551350455      2.026      -1.76871710362
5.06324059634      2.026      -1.82765331521
5.18587456179      2.026      -1.87324508486
5.30659727364      2.026      -1.91580801907
5.42426282806      2.026      -1.96758058338
5.54417293801      2.026      -2.00148971438
5.65709868441      2.026      -2.03927822943
5.78636280427      2.026      -2.05570640464
5.91697681284      2.026      -2.10118070517
6.05617831593      2.026      -2.12497364559
6.20932282667      2.026      -2.14060340967
6.35327150807      2.026      -2.16848065562
6.49163979173      2.026      -2.18350793204
6.62666207409      2.026      -2.200561833
6.7615142396      2.026      -2.2221825923
6.89583211312      2.026      -2.24191347785
7.02627211509      2.026      -2.25198809571
7.1652126586      2.026      -2.25171628695
7.31850197759      2.026      -2.26597932506
7.46134316649      2.026      -2.26581610322
7.59934889936      2.026      -2.26785300455
7.73760971403      2.026      -2.27880766306
7.86431245313      2.026      -2.29140477366
7.99221462274      2.026      -2.31438921485
8.12240442872      2.026      -2.31880567298
8.24816104159      2.026      -2.33559108968
8.37838052077      2.026      -2.35747936158
8.51100770564      2.026      -2.3775911942
8.64032447815      2.026      -2.39231220016
8.76915079775      2.026      -2.42501883841
8.90705167603      2.026      -2.45501594481
9.03837559433      2.026      -2.4902828434
9.17195497003      2.026      -2.52030661559
9.2980388751      2.026      -2.56495603762
9.4270912394      2.026      -2.61070287948
9.54833346434      2.026      -2.6502019227
9.66799617319      2.026      -2.69515031424
9.79114534154      2.026      -2.74270420718
9.91906396966      2.026      -2.78218398108
10.0412113023      2.026      -2.83240673552
10.1574673878      2.026      -2.89748309207
10.2531957203      2.026      -2.98467172885
10.3444279216      2.026      -3.07300621119
10.4370881928      2.026      -3.16440747213
10.514318976      2.026      -3.26264958401
10.5864488572      2.026      -3.32127473974
10.6388285966      2.026      -3.43016883383
10.6880289866      2.026      -3.53635965281
10.7173776467      2.026      -3.65244160452
10.754401885      2.026      -3.77003189716
10.7872660401      2.026      -3.89126722326
10.818672401      2.026      -4.02343165321
10.842776088      2.026      -4.15806003942
10.8456065434      2.026      -4.29049271536
10.8629311894      2.026      -4.43483551931
10.8556764628      2.026      -4.57039645128
10.8418446249      2.026      -4.71130329037
10.8236882659      2.026      -4.84899087687
10.7942847939      2.026      -5.00629427214
10.7635544219      2.026      -5.15824349222
10.7270831743      2.026      -5.32183451862
10.682318416      2.026      -5.47168780804
10.643246653      2.026      -5.62159263611
10.5883634519      2.026      -5.77319847822
10.5279760136      2.026      -5.92129169083
10.4638443139      2.026      -6.07066308012
10.3938304994      2.026      -6.20075889044
10.3296542352      2.026      -6.31823335066
10.2472358792      2.026      -6.43452867689
10.1552132443      2.026      -6.55887237883
10.0761944383      2.026      -6.65478591146
9.98323320808      2.026      -6.75285240555
9.88883856001      2.026      -6.84291931772
9.80336512527      2.026      -6.92545615692
9.71037006178      2.026      -7.00052069712
9.61076128187      2.026      -7.05741756487
9.51257131548      2.026      -7.08678320913
9.40883907518      2.026      -7.13748212881
9.29921362743      2.026      -7.16972011776
9.18528641386      2.026      -7.1863421567
9.06719944153      2.026      -7.21787954063
8.93940783052      2.026      -7.23266712751
8.80453261423      2.026      -7.25503375921
8.67314574556      2.026      -7.26095332136
8.53060978498      2.026      -7.2753042264
8.38380518856      2.026      -7.29548927212
8.234991681      2.026      -7.31697761488
8.07702783556      2.026      -7.32688240271
7.9299003274      2.026      -7.33033950644
7.78012179747      2.026      -7.33979395342
7.61894201765      2.026      -7.35014992685
7.47048521824      2.026      -7.34469144611
7.31526515045      2.026      -7.34768465042
7.1763490386      2.026      -7.34138619814
7.02840650091      2.026      -7.32788248606
6.89526277761      2.026      -7.31124413195
6.72571277685      2.026      -7.35406325846
6.59440587902      2.026      -7.33119792042
6.46147063055      2.026      -7.31261614656
6.32657989235      2.026      -7.29610225182
6.1909525382      2.026      -7.25082323008
6.0663199522      2.026      -7.22327365665
5.94353318987      2.026      -7.18878294439
5.81682153873      2.026      -7.16161201992
5.6933590024      2.026      -7.1225433835
5.55635095234      2.026      -7.08610214214
5.42428457451      2.026      -7.03930078087
5.29016392241      2.026      -6.99565505762
5.15282740898      2.026      -6.94527785854
5.00768379889      2.026      -6.90808402224
4.88038706617      2.026      -6.87502949228
4.75645238523      2.026      -6.83759307947
4.61953902636      2.026      -6.7921183917
4.49055528936      2.026      -6.76187944098
4.36101920938      2.026      -6.71691453848
4.22199364262      2.026      -6.67133620968
4.08216403589      2.026      -6.62423164053
3.93606885366      2.026      -6.59015377035
3.80930249071      2.026      -6.53714190874
3.67914768114      2.026      -6.48797079039
3.54065178471      2.026      -6.44946499195
3.41538994293      2.026      -6.40061239758
3.28916026144      2.026      -6.3544818429
3.16245765991      2.026      -6.30227477436
3.04059452047      2.026      -6.26300310183
2.92282958193      2.026      -6.20356832819
2.80015866146      2.026      -6.15131279392
2.68126468964      2.026      -6.10754193954
2.56225472307      2.026      -6.052552703
2.44478494663      2.026      -6.00808049374
2.3300547781      2.026      -5.93687955914
2.21423991356      2.026      -5.89477436562
2.08242881937      2.026      -5.8320167182
1.95963471928      2.026      -5.77549093914
1.83437961893      2.026      -5.7208660182
1.7137674161      2.026      -5.6646494071
1.59018646364      2.026      -5.61510373678
1.47265575533      2.026      -5.5574466342
1.35599824114      2.026      -5.50179045897
1.230815662      2.026      -5.44023015709
1.10683397522      2.026      -5.39403874588
0.99046269846      2.026      -5.32924977884
0.869253701973      2.026      -5.27065774288
0.74296147728      2.026      -5.21548741684
0.613646711159      2.026      -5.1492595171
0.482788801479      2.026      -5.09305570498
0.339252670765      2.026      -5.03063267145
0.208377470684      2.026      -4.97073816137
0.0724661536217      2.026      -4.88437937841
-0.0636728317261      2.026      -4.8115222353
-0.179337382221      2.026      -4.75098953123
-0.318741980839      2.026      -4.69118147306
-0.446915293217      2.026      -4.64401319895
-0.569252126408      2.026      -4.59762493982
-0.693901775455      2.026      -4.53530466223
-0.824049675941      2.026      -4.48885200844
-0.950556961536      2.026      -4.40940084372
-1.07758480282      2.026      -4.35449928322
-1.19289028292      2.026      -4.29346265059
-1.31145438566      2.026      -4.23624268885
-1.42266065283      2.026      -4.16882583323
-1.53726233177      2.026      -4.08922040157
-1.64327489233      2.026      -4.02094098005
-1.75792146139      2.026      -3.95581266146
-1.8775997117      2.026      -3.90438842611
-2.00237521725      2.026      -3.84676645355
-2.12747444935      2.026      -3.7918821167
-2.25201078091      2.026      -3.72330904818
-2.39061089511      2.026      -3.65861057248
-2.52496223984      2.026      -3.59330506468
-2.66917410421      2.026      -3.5241400424
-2.8043196454      2.026      -3.45688362465
-2.93615990801      2.026      -3.38664279261
-3.07571857567      2.026      -3.32476012363
-3.21613595738      2.026      -3.26455139489
-3.34455935888      2.026      -3.19952315121
-3.47637596612      2.026      -3.15001877456
-3.60807975769      2.026      -3.09880153427
-3.7451676559      2.026      -3.05583027091
-3.88835034342      2.026      -3.01740926876
-4.01810023193      2.026      -2.96968605785
-4.1545467134      2.026      -2.91331821399
-4.29419447823      2.026      -2.87504410067
-4.43982420759      2.026      -2.82507276134
-4.59024646258      2.026      -2.78810613141
-4.72581204753      2.026      -2.74606300359
-4.86725945654      2.026      -2.69507872505
-5.01196346922      2.026      -2.64165540447
-5.15744651513      2.026      -2.60080774837
-5.30104642177      2.026      -2.55187905774
-5.42474815145      2.026      -2.48446867747
-5.5472892354      2.026      -2.43647031765
-5.68865519924      2.026      -2.38525796165
-5.82926391048      2.026      -2.33432928553
-5.98210355344      2.026      -2.28304706283
-6.12474761286      2.026      -2.22599404163
-6.26667825365      2.026      -2.16399577031
-6.39361517277      2.026      -2.10088436241
-6.52543096747      2.026      -2.04858937926
-6.67662927604      2.026      -2.00114303646
-6.817732165      2.026      -1.9544713182
-6.96234030218      2.026      -1.8945155076
-7.10165758524      2.026      -1.84343694782
-7.22955098858      2.026      -1.78829383464
-7.36890243874      2.026      -1.72629105783
-7.49241041121      2.026      -1.6605277853
-7.6275603611      2.026      -1.61156688347
-7.75424149122      2.026      -1.56297250981
-7.87845614285      2.026      -1.50948400273
-7.99331616173      2.026      -1.43570023012
-8.11346388307      2.026      -1.36050570054
-8.22113248296      2.026      -1.27672991219
-8.32117687848      2.026      -1.18450987477
-8.41026340077      2.026      -1.08742561483
-8.49178159726      2.026      -0.975400989628
-8.59262052422      2.026      -0.863414601135
-8.6692683002      2.026      -0.732201260281
-8.74779844832      2.026      -0.599155254221
-8.81823901179      2.026      -0.455980775785
-8.89712092559      2.026      -0.302019352722
-8.96970898645      2.026      -0.16047000699
-9.03446787417      2.026      -0.00440085158348
-9.0866950362      2.026      0.147878742981
-9.14157902863      2.026      0.293026234436
-9.18881204854      2.026      0.458263770294
-9.21393723843      2.026      0.603288700819
-9.22722110415      2.026      0.729567782307
-9.24102230289      2.026      0.882046195436
-9.23738152541      2.026      1.02538211033
-9.23603612889      2.026      1.16939011405
-9.25003446165      2.026      1.32181738925
-9.27671820351      2.026      1.47244226532
-9.30436130589      2.026      1.62562173595
-9.34413619595      2.026      1.7716397788
-9.36946175729      2.026      1.90974507804
-9.38313446723      2.026      2.05222684104
-9.39653847795      2.026      2.19385999293
-9.40704370201      2.026      2.33958207049
-9.41560443369      2.026      2.47925091684
-9.4339633637      2.026      2.63881730206
-9.45955888616      2.026      2.79056497164
-9.48472960044      2.026      2.94726349244
-9.51915263085      2.026      3.10728379078
-9.54513235465      2.026      3.25541675174
-9.56919939011      2.026      3.39016624793
-9.58702306958      2.026      3.53054934345
-9.59522123429      2.026      3.66003478198
-9.61459009676      2.026      3.78710525109
-9.71457066169      2.026      3.87257056909
-9.73567724692      2.026      3.97679701455
-9.75746851827      2.026      4.08150643847
-9.77683384101      2.026      4.17760493685
-9.80206354024      2.026      4.27409034089
-9.83051732098      2.026      4.3681114787
-9.86084921038      2.026      4.46226851311
-9.88003396348      2.026      4.56640423456
-9.91023643638      2.026      4.66919372464
-9.92980906325      2.026      4.76192032948
-9.94659460067      2.026      4.84852653861
-9.9698051798      2.026      4.92119838438
-10.008079341      2.026      4.97444609782
-10.0421491315      2.026      5.00912074764
-10.075540015      2.026      5.0385749534
-10.0954502686      2.026      5.05813840339
-10.1229200992      2.026      5.07303812003
-10.1419438135      2.026      5.076186976
-10.1581870143      2.026      5.07051495783
-10.1631325989      2.026      5.07286985126
-10.1701646901      2.026      5.07140895648
-10.1734846321      2.026      5.07473530756
-10.1764731017      2.026      5.07365949959
-10.1863826171      2.026      5.06489995629
-10.1899869077      2.026      5.06591649711
-10.1913371012      2.026      5.05999526874
-10.1899871995      2.026      5.05698248071
-10.189710151      2.026      5.07979247042
-10.1862592367      2.026      5.07906817367
-10.183664625      2.026      5.07684988077
-10.1842764546      2.026      5.08248846798
-10.1848950591      2.026      5.09004957528
-10.1868148777      2.026      5.08977960113
-10.1907352854      2.026      5.08825660203
-10.1877644361      2.026      5.09397367481
-10.1862438789      2.026      5.10285895345
-10.1814344391      2.026      5.07644768203
-10.1823413942      2.026      5.08258934513
-10.1842175681      2.026      5.09400587828
-10.1853744668      2.026      5.09236648893
-10.1847933987      2.026      5.08320090844
-10.1843997463      2.026      5.08816319764
-10.1822776159      2.026      5.08793779508
-10.1814657782      2.026      5.07896103923
-10.1838968895      2.026      5.08239263744
-10.1835997344      2.026      5.08286938239
-10.1853146062      2.026      5.08173569155
-10.187412108      2.026      5.08195904085
-10.1881786546      2.026      5.08329095097
-10.1891260021      2.026      5.08264203639
-10.1920102627      2.026      5.09483737626
-10.1906930721      2.026      5.0952966855
-10.189480148      2.026      5.09253849642
-10.1893462877      2.026      5.09345915283
-10.1887238118      2.026      5.09160038138
-10.1874813497      2.026      5.09044186732
-10.1887649369      2.026      5.09242840885
-10.1883516571      2.026      5.09278919685
-10.1883429409      2.026      5.09390677047
-10.1880667896      2.026      5.09383590494
-10.1893469328      2.026      5.09200328342
-10.1891184389      2.026      5.09196697521
-10.1869256503      2.026      5.09084719978
-10.1879506747      2.026      5.09051425958
-10.1880608787      2.026      5.09347936214
-10.1904121954      2.026      5.09493929125
-10.1898672785      2.026      5.09462634115
-10.1889904004      2.026      5.09276421611
-10.1898643412      2.026      5.09330845816
-10.1886908485      2.026      5.09221884568
-10.1869411439      2.026      5.09220912052
-10.1870352954      2.026      5.09260280511
-10.1880087444      2.026      5.09234475641
-10.1876901753      2.026      5.09291853923
-10.1877061105      2.026      5.09219001379
-10.1872603678      2.026      5.09227373154
-10.1874469153      2.026      5.09097205725
-10.1880530014      2.026      5.09044391363
-10.1875825919      2.026      5.09064338461
-10.1875413853      2.026      5.09190342998
-10.1867215445      2.026      5.09115534174
-10.187331891      2.026      5.09083123651
-10.1869073553      2.026      5.09155291473
-10.1872753023      2.026      5.09248017562
-10.1866763548      2.026      5.09167737447
-10.186713521      2.026      5.09252007374
-10.1866903499      2.026      5.09194319309
-10.1860299632      2.026      5.09202980013
-10.1859819538      2.026      5.09172558266
-10.1860433099      2.026      5.09325995213
-10.1869641836      2.026      5.09190304113
-10.1863272265      2.026      5.0917796526
-10.1876666285      2.026      5.09192020111
-10.1877035132      2.026      5.09189770025
-10.1858379743      2.026      5.09099887572
-10.1853546063      2.026      5.09117608181
-10.1866275991      2.026      5.0901946491
-10.1851731161      2.026      5.09131331084
-10.1852938925      2.026      5.09109400857
-10.1860288066      2.026      5.09120087699
-10.1861416633      2.026      5.09062112854
-10.1860302985      2.026      5.09045056483
-10.1854497431      2.026      5.09030755074
-10.1866474073      2.026      5.09157889215
-10.1859558352      2.026      5.08982850593
-10.1852471956      2.026      5.08847915787
-10.1849958741      2.026      5.08883208032
-10.1845537282      2.026      5.08862911426
-10.1858273572      2.026      5.08930592665
-10.1856886662      2.026      5.08863457948
-10.1871533371      2.026      5.08972251784
-10.1850376614      2.026      5.08938099622
-10.184083826      2.026      5.08989287883
-10.1853834872      2.026      5.08874373641
-10.1840038559      2.026      5.08863105294
-10.1851770301      2.026      5.08805341427
-10.1856241938      2.026      5.08890942013
-10.1863893102      2.026      5.09090103442
-10.1859721972      2.026      5.08937104086
-10.1852526564      2.026      5.08857261244
-10.1850057902      2.026      5.09011827861
