[-10.1792628  -10.16526767]      2.026      [ 5.05313083  5.0822673 ]
[-10.17830635 -10.16526989]      2.026      [ 5.05657367  5.08225933]
[-10.17840214 -10.16526966]      2.026      [ 5.05652037  5.08225946]
[-10.17884487 -10.16526864]      2.026      [ 5.05669602  5.08225905]
[-10.17892602 -10.16526845]      2.026      [ 5.05581459  5.08226109]
[-10.17846232 -10.16526953]      2.026      [ 5.05628581  5.08226   ]
[-10.1781951  -10.16527014]      2.026      [ 5.05512525  5.08226269]
[-10.17803009 -10.16527053]      2.026      [ 5.05710989  5.08225809]
[-10.17886993 -10.16526858]      2.026      [ 5.05710118  5.08225811]
[-10.17903625 -10.1652682 ]      2.026      [ 5.05876819  5.08225425]
[-10.17906172 -10.16526814]      2.026      [ 5.05762981  5.08225689]
[-10.18030031 -10.16526527]      2.026      [ 5.05788096  5.08225631]
[-10.18035916 -10.16526513]      2.026      [ 5.05543912  5.08226196]
[-10.18038113 -10.16526508]      2.026      [ 5.05366909  5.08226606]
[-10.17974684 -10.16526655]      2.026      [ 5.05484025  5.08226335]
[-10.17989089 -10.16526622]      2.026      [ 5.05692919  5.08225851]
[-10.1816458  -10.16526215]      2.026      [ 5.05625468  5.08226007]
[-10.18243912 -10.16526032]      2.026      [ 5.05673876  5.08225895]
[-10.18053992 -10.16526472]      2.026      [ 5.05922676  5.08225319]
[-10.17967131 -10.16526673]      2.026      [ 5.06121597  5.08224858]
[-10.17967848 -10.16526671]      2.026      [ 5.05977266  5.08225193]
[-10.17899778 -10.16526829]      2.026      [ 5.05891201  5.08225392]
[-10.18019383 -10.16526552]      2.026      [ 5.05839912  5.08225511]
[-10.17929147 -10.16526761]      2.026      [ 5.05981074  5.08225184]
[-10.17990548 -10.16526618]      2.026      [ 5.05808974  5.08225582]
[-10.17971236 -10.16526663]      2.026      [ 5.05911626  5.08225345]
[-10.1802063  -10.16526549]      2.026      [ 5.05863948  5.08225455]
[-10.17959258 -10.16526691]      2.026      [ 5.05699759  5.08225835]
[-10.17943754 -10.16526727]      2.026      [ 5.05752082  5.08225714]
[-10.17504526 -10.16527744]      2.026      [ 5.05436527  5.08226445]
[-10.16523125 -10.16530016]      2.026      [ 5.05062266  5.08227311]
[-10.14364805 -10.16535013]      2.026      [ 5.06238391  5.08224588]
[-10.11626017 -10.16541354]      2.026      [ 5.06495194  5.08223993]
[-10.08220887 -10.16549238]      2.026      [ 5.05489619  5.08226322]
[-10.03883335 -10.16559281]      2.026      [ 5.03347     5.08231282]
[ -9.98834795 -10.16570969]      2.026      [ 5.0228225   5.08233748]
[ -9.93840992 -10.16582531]      2.026      [ 5.01969523  5.08234472]
[ -9.88833702 -10.16594125]      2.026      [ 5.01073085  5.08236547]
[ -9.83918934 -10.16605504]      2.026      [ 5.00663942  5.08237494]
[ -9.78159224 -10.16618839]      2.026      [ 5.0029294   5.08238353]
[ -9.72001331 -10.16633096]      2.026      [ 5.00454847  5.08237979]
[ -9.656544   -10.16647791]      2.026      [ 5.0089921  5.0823695]
[ -9.580295   -10.16665445]      2.026      [ 5.00377603  5.08238157]
[ -9.49882126 -10.16684309]      2.026      [ 5.00238485  5.08238479]
[ -9.40655467 -10.16705671]      2.026      [ 5.0026743   5.08238412]
[ -9.31553626 -10.16726744]      2.026      [ 5.00283739  5.08238375]
[ -9.23329337 -10.16745786]      2.026      [ 5.02501607  5.0823324 ]
[ -9.14718653 -10.16765722]      2.026      [ 5.03943987  5.082299  ]
[ -9.05368213 -10.16787371]      2.026      [ 5.04463447  5.08228697]
[ -8.95267957 -10.16810756]      2.026      [ 5.0561031   5.08226042]
[ -8.85990217 -10.16832236]      2.026      [ 5.05357656  5.08226627]
[ -8.7639225  -10.16854458]      2.026      [ 5.03855884  5.08230104]
[ -8.66829324 -10.16876599]      2.026      [ 5.01750864  5.08234978]
[ -8.58469264 -10.16895955]      2.026      [ 4.99244671  5.0824078 ]
[ -8.51117796 -10.16912976]      2.026      [ 4.97077586  5.08245798]
[ -8.42775913 -10.1693229 ]      2.026      [ 4.94835925  5.08250988]
[ -8.33473162 -10.16953828]      2.026      [ 4.93190675  5.08254797]
[ -8.25163833 -10.16973066]      2.026      [ 4.91817726  5.08257976]
[ -8.16668901 -10.16992735]      2.026      [ 4.90647516  5.08260685]
[ -8.07749223 -10.17013386]      2.026      [ 4.90358376  5.08261355]
[ -7.97744463 -10.1703655 ]      2.026      [ 4.90381753  5.08261301]
[ -7.88170264 -10.17058717]      2.026      [ 4.91018137  5.08259827]
[ -7.80373847 -10.17076768]      2.026      [ 4.91576245  5.08258535]
[ -7.72017742 -10.17096115]      2.026      [ 4.91755371  5.0825812 ]
[ -7.63160875 -10.17116621]      2.026      [ 4.92825987  5.08255641]
[ -7.53874703 -10.17138121]      2.026      [ 4.94367013  5.08252074]
[ -7.44835608 -10.17159049]      2.026      [ 4.97458492  5.08244916]
[ -7.3556746  -10.17180507]      2.026      [ 5.01463648  5.08235643]
[ -7.27214528 -10.17199847]      2.026      [ 5.05779948  5.08225649]
[ -7.19162958 -10.17218488]      2.026      [ 5.09461407  5.08217126]
[ -7.10421316 -10.17238728]      2.026      [ 5.13829765  5.08207012]
[ -7.01907638 -10.17258439]      2.026      [ 5.18852075  5.08195384]
[ -6.93998578 -10.17276751]      2.026      [ 5.24474337  5.08182367]
[ -6.84877273 -10.17297869]      2.026      [ 5.29848457  5.08169924]
[ 7.22741852 -0.0167335 ]      2.026      [ 1.39818175 -0.00323718]
[ 5.42811356 -0.01256761]      2.026      [ 1.49437884 -0.00345991]
[ 5.53550241 -0.01281624]      2.026      [ 1.53217706 -0.00354742]
[ 5.64363542 -0.0130666 ]      2.026      [ 1.57723919 -0.00365175]
[ 5.75659723 -0.01332814]      2.026      [ 1.59593124 -0.00369503]
[ 5.85626398 -0.0135589 ]      2.026      [ 1.60163209 -0.00370823]
[ 5.94817501 -0.0137717 ]      2.026      [ 1.60150444 -0.00370793]
[ 6.04609621 -0.01399841]      2.026      [ 1.60453049 -0.00371494]
[ 6.15002617 -0.01423904]      2.026      [ 1.59140489 -0.00368455]
[ 6.24220957 -0.01445247]      2.026      [ 1.58495169 -0.00366961]
[ 6.33333    -0.01466344]      2.026      [ 1.57989458 -0.0036579 ]
[ 6.43215596 -0.01489225]      2.026      [ 1.55982741 -0.00361144]
[ 6.53726967 -0.01513562]      2.026      [ 1.54675356 -0.00358117]
[ 6.63905666 -0.01537128]      2.026      [ 1.53870652 -0.00356254]
[ 6.73971247 -0.01560433]      2.026      [ 1.5186969  -0.00351621]
[ 6.84830876 -0.01585576]      2.026      [ 1.485941   -0.00344037]
[ 6.96403028 -0.01612369]      2.026      [ 1.44519726 -0.00334604]
[ 7.07963386 -0.01639134]      2.026      [ 1.41321016 -0.00327198]
[ 7.19340521 -0.01665475]      2.026      [ 1.37572352 -0.00318519]
[ 7.31038723 -0.0169256 ]      2.026      [ 1.32918465 -0.00307744]
[ 7.42894568 -0.0172001 ]      2.026      [ 1.28351904 -0.00297171]
[ 7.54374067 -0.01746588]      2.026      [ 1.22706632 -0.002841  ]
[ 7.6510021  -0.01771422]      2.026      [ 1.15801984 -0.00268114]
[ 7.75259629 -0.01794944]      2.026      [ 1.0998931  -0.00254656]
[ 7.85120435 -0.01817774]      2.026      [ 1.0273721  -0.00237865]
[ 7.95324618 -0.018414  ]      2.026      [ 0.97406498 -0.00225523]
[ 8.0540711  -0.01864744]      2.026      [ 0.92084472 -0.00213201]
[ 8.14792236 -0.01886473]      2.026      [ 0.86552151 -0.00200393]
[ 8.24867339 -0.019098  ]      2.026      [ 0.80561488 -0.00186522]
[ 8.35067212 -0.01933415]      2.026      [ 0.7438566  -0.00172224]
[ 8.45581615 -0.01957759]      2.026      [ 0.67998139 -0.00157435]
[ 8.54671821 -0.01978805]      2.026      [ 0.61170016 -0.00141626]
[ 8.64169212 -0.02000794]      2.026      [ 0.54228609 -0.00125554]
[ 8.74421569 -0.02024532]      2.026      [ 0.47228083 -0.00109346]
[ 8.842027   -0.02047178]      2.026      [ 0.40989017 -0.00094901]
[ 8.94804357 -0.02071723]      2.026      [ 0.34130009 -0.00079021]
[ 9.04817785 -0.02094907]      2.026      [ 0.295319   -0.00068375]
[ 9.15177102 -0.02118892]      2.026      [ 0.2339264  -0.00054161]
[ 9.26598621 -0.02145336]      2.026      [ 0.17562085 -0.00040661]
[ 9.37908634 -0.02171522]      2.026      [ 0.11973821 -0.00027723]
[ 9.4943787  -0.02198215]      2.026      [ 0.0713593  -0.00016522]
[ 9.61208783 -0.02225468]      2.026      [  2.46762032e-02  -5.71323408e-05]
[ 9.72328846 -0.02251214]      2.026      [ -1.47125441e-02   3.40636717e-05]
[ 9.84561891 -0.02279537]      2.026      [-0.04860815  0.00011254]
[ 9.97186299 -0.02308766]      2.026      [-0.07680478  0.00017782]
[ 10.08291488  -0.02334478]      2.026      [-0.10148545  0.00023497]
[ 10.20318194  -0.02362323]      2.026      [-0.13030239  0.00030169]
[ 10.32964202  -0.02391602]      2.026      [-0.16636346  0.00038518]
[ 10.45212311  -0.0241996 ]      2.026      [-0.19199578  0.00044452]
[ 10.58068732  -0.02449726]      2.026      [-0.22915558  0.00053056]
[ 10.69666748  -0.02476579]      2.026      [-0.25569406  0.000592  ]
[ 10.82342125  -0.02505926]      2.026      [-0.28963064  0.00067058]
[ 10.94662234  -0.02534451]      2.026      [-0.34322322  0.00079466]
[ 11.0694549  -0.0256289]      2.026      [-0.36935646  0.00085516]
[ 11.19574256  -0.02592129]      2.026      [-0.41279786  0.00095574]
[ 11.32406235  -0.02621838]      2.026      [-0.45367115  0.00105038]
[ 11.44761492  -0.02650444]      2.026      [-0.49778824  0.00115252]
[ 11.56521037  -0.02677671]      2.026      [-0.54061835  0.00125168]
[ 11.68576353  -0.02705582]      2.026      [-0.58096537  0.0013451 ]
[ 11.76814486  -0.02724656]      2.026      [-0.57068642  0.0013213 ]
[ 11.89337335  -0.0275365 ]      2.026      [-0.60712407  0.00140566]
[ 12.01877426  -0.02782684]      2.026      [-0.63810648  0.0014774 ]
[ 12.143278   -0.0281151]      2.026      [-0.66933071  0.00154969]
[ 12.26176777  -0.02838944]      2.026      [-0.69509495  0.00160934]
[ 12.38024807  -0.02866375]      2.026      [-0.72552124  0.00167979]
[ 12.49885342  -0.02893836]      2.026      [-0.75083026  0.00173838]
[ 12.62749058  -0.02923619]      2.026      [-0.78176577  0.00181001]
[ 12.75267359  -0.02952602]      2.026      [-0.80491453  0.0018636 ]
[ 12.88689082  -0.02983677]      2.026      [-0.81388172  0.00188436]
[ 13.01275026  -0.03012817]      2.026      [-0.82501391  0.00191014]
[ 13.1289398   -0.03039718]      2.026      [-0.8440617   0.00195424]
[ 13.25416734  -0.03068712]      2.026      [-0.8625574   0.00199706]
[ 13.39146923  -0.03100501]      2.026      [-0.87798927  0.00203279]
[ 13.51602792  -0.0312934 ]      2.026      [-0.88028335  0.0020381 ]
[ 13.65061747  -0.03160501]      2.026      [-0.88099436  0.00203975]
[ 13.77781083  -0.0318995 ]      2.026      [-0.88600648  0.00205135]
[ 13.90852464  -0.03220214]      2.026      [-0.8883555   0.00205679]
[ 14.04369209  -0.03251509]      2.026      [-0.89679287  0.00207633]
[ 14.19188034  -0.03285819]      2.026      [-0.91023383  0.00210745]
[ 14.33494231  -0.03318942]      2.026      [-0.90549551  0.00209648]
[ 14.47219589  -0.0335072 ]      2.026      [-0.8990519   0.00208156]
[ 14.62614988  -0.03386364]      2.026      [-0.90225689  0.00208898]
[ 14.76030648  -0.03417425]      2.026      [-0.91087804  0.00210894]
[ 14.8951433   -0.03448644]      2.026      [-0.92667561  0.00214551]
[ 15.03201508  -0.03480334]      2.026      [-0.94520399  0.00218841]
[ 15.16727822  -0.03511651]      2.026      [-0.9570723   0.00221589]
[ 15.30687467  -0.03543971]      2.026      [-0.96581519  0.00223613]
[ 15.43916683  -0.03574601]      2.026      [-0.98557375  0.00228188]
[ 15.58293838  -0.03607888]      2.026      [-0.99824313  0.00231121]
[ 15.71413157  -0.03638263]      2.026      [-1.00211507  0.00232018]
[ 15.85040556  -0.03669814]      2.026      [-1.00799403  0.00233379]
[ 15.98601923  -0.03701212]      2.026      [-1.02059372  0.00236296]
[ 16.11827159  -0.03731833]      2.026      [-1.02156952  0.00236522]
[ 16.24102931  -0.03760254]      2.026      [-1.02695158  0.00237768]
[ 16.37672824  -0.03791673]      2.026      [-1.03374998  0.00239342]
[ 16.52550481  -0.03826118]      2.026      [-1.02487729  0.00237288]
[ 16.66323871  -0.03858008]      2.026      [-1.0203005   0.00236228]
[ 16.80071114  -0.03889836]      2.026      [-1.01169261  0.00234235]
[ 16.94177982  -0.03922498]      2.026      [-1.00399514  0.00232453]
[ 17.08088364  -0.03954704]      2.026      [-0.9867864   0.00228469]
[ 17.21039618  -0.0398469 ]      2.026      [-0.96594925  0.00223644]
[ 17.33901818  -0.0401447 ]      2.026      [-0.95002474  0.00219957]
[ 17.46983431  -0.04044757]      2.026      [-0.92304288  0.0021371 ]
[ 17.59403584  -0.04073513]      2.026      [-0.9047106   0.00209466]
[ 17.72387049  -0.04103574]      2.026      [-0.87438544  0.00202445]
[ 17.84183636  -0.04130886]      2.026      [-0.84888907  0.00196542]
[ 17.9444793   -0.04154651]      2.026      [-0.81787895  0.00189362]
[ 18.05000229  -0.04179082]      2.026      [-0.78004438  0.00180602]
[ 18.15353198  -0.04203053]      2.026      [-0.74372941  0.00172194]
[ 18.26613757  -0.04229124]      2.026      [-0.73098964  0.00169245]
[ 18.36078653  -0.04251038]      2.026      [-0.69530846  0.00160983]
[ 18.4500771   -0.04271711]      2.026      [-0.63732312  0.00147558]
[ 18.54111653  -0.04292789]      2.026      [-0.58095353  0.00134507]
[ 18.64190451  -0.04316124]      2.026      [-0.52430494  0.00121391]
[ 18.73326605  -0.04337277]      2.026      [-0.45645828  0.00105683]
[ 18.81539632  -0.04356293]      2.026      [-0.38340391  0.00088769]
[ 18.89749439  -0.04375301]      2.026      [-0.30451558  0.00070504]
[ 18.96797946  -0.0439162 ]      2.026      [-0.21821304  0.00050522]
[ 19.02403973  -0.04404599]      2.026      [-0.12479805  0.00028894]
[ 19.08070443  -0.04417719]      2.026      [ -2.63453684e-02   6.09969271e-05]
[ 19.12799954  -0.04428669]      2.026      [ 0.06218967 -0.00014399]
[ 19.16294649  -0.0443676 ]      2.026      [ 0.16708312 -0.00038684]
[ 19.18639036  -0.04442188]      2.026      [ 0.28145652 -0.00065165]
[ 19.21426796  -0.04448643]      2.026      [ 0.39991266 -0.00092591]
[ 19.22561189  -0.04451269]      2.026      [ 0.51460957 -0.00119147]
[ 19.2409765   -0.04454826]      2.026      [ 0.63001893 -0.00145867]
[ 19.2447736   -0.04455706]      2.026      [ 0.73800368 -0.00170869]
[ 19.24087987  -0.04454804]      2.026      [ 0.84816551 -0.00196374]
[ 19.2310328   -0.04452524]      2.026      [ 0.94972702 -0.00219888]
[ 19.21822612  -0.04449559]      2.026      [ 1.05384368 -0.00243994]
[ 19.19732881  -0.04444721]      2.026      [ 1.15667468 -0.00267803]
[ 19.1729944   -0.04439087]      2.026      [ 1.26072543 -0.00291893]
[ 19.1379205   -0.04430966]      2.026      [ 1.35341757 -0.00313354]
-10.180243975      2.026      5.10964688659
-10.1802972633      2.026      5.11248682781
-10.1802701519      2.026      5.11455216125
-10.1796833992      2.026      5.11321967338
-10.1798478005      2.026      5.1107917258
-10.1815858529      2.026      5.1114625449
-10.1823813629      2.026      5.11085378324
-10.1804858806      2.026      5.10806466567
-10.1796227331      2.026      5.10580019872
-10.1795778178      2.026      5.10755436506
-10.1789438459      2.026      5.10852191267
-10.1801448894      2.026      5.10903166042
-10.1792396747      2.026      5.10745839259
-10.1798713738      2.026      5.1094054564
-10.1796587423      2.026      5.108242709
-10.1801926928      2.026      5.1088006671
-10.1795997668      2.026      5.11069936107
-10.1793804412      2.026      5.11011645608
-10.174977122      2.026      5.11403790593
-10.1651580982      2.026      5.11897214588
-10.1437261602      2.026      5.10656027863
-10.1163484403      2.026      5.10519699784
-10.0820388439      2.026      5.11858902129
-10.0387205232      2.026      5.14627335853
-9.98821038716      2.026      5.16159844947
-9.938265204      2.026      5.1681352736
-9.88817151909      2.026      5.18147674235
-9.83902284746      2.026      5.18917237964
-9.78140786422      2.026      5.19674373354
-9.7199473178      2.026      5.19841909165
-9.65638517818      2.026      5.19696008731
-9.58026425113      2.026      5.20736078419
-9.49840905672      2.026      5.21378301002
-9.40637060859      2.026      5.21879264499
-9.31531699686      2.026      5.22381699135
-9.23104479759      2.026      5.20417838385
-9.14457150703      2.026      5.19206727841
-9.05099304338      2.026      5.19138489654
-8.95028626535      2.026      5.18390529352
-8.85730778861      2.026      5.19221021913
-8.78316628051      2.026      5.22004010794
-8.68718063861      2.026      5.25004809654
-8.60381751108      2.026      5.28380164367
-8.53020631718      2.026      5.31313990611
-8.44679907694      2.026      5.34394848267
-8.35356815452      2.026      5.36821163244
-8.27056302494      2.026      5.38860199089
-8.18549191337      2.026      5.40684067482
-8.09636230157      2.026      5.41527218347
-7.99577109552      2.026      5.42053365977
-7.90011557472      2.026      5.41832684608
-7.8222358097      2.026      5.41577195796
-7.73881153557      2.026      5.41876244394
-7.65059855967      2.026      5.41127770055
-7.55755097595      2.026      5.3983014829
-7.46751200105      2.026      5.36730281933
-7.3748921615      2.026      5.32583616395
-7.29136884376      2.026      5.28026142872
-7.21119796687      2.026      5.24180780396
-7.12398008162      2.026      5.19586290858
-7.03954715146      2.026      5.14206815257
-6.96005192112      2.026      5.08074474335
-6.86882801784      2.026      5.0234903244
-6.78022406107      2.026      4.96848259622
-6.69021386464      2.026      4.90490786023
-6.59689467442      2.026      4.83189411187
-6.50748947542      2.026      4.763829742
-6.41424327334      2.026      4.68793334233
-6.32399055102      2.026      4.64187846534
-6.23858557019      2.026      4.56362520456
-6.14223213183      2.026      4.49365915693
-6.0521857686      2.026      4.4251680192
-5.96250496825      2.026      4.36148291169
-5.87469604499      2.026      4.27870684597
-5.76337697746      2.026      4.20013250092
-5.66685309179      2.026      4.11929756663
-5.55978340375      2.026      4.04671712306
-5.45302408131      2.026      3.97907123719
-5.34718766835      2.026      3.92343880193
-5.24449409218      2.026      3.86028857765
-5.13705287048      2.026      3.81591777323
-5.02895025955      2.026      3.7683098575
-4.90779845091      2.026      3.71335215973
-4.80380661945      2.026      3.6695062892
-4.70440560204      2.026      3.62691883596
-10.1812999099      2.026      5.11306408595
-10.1821278776      2.026      5.11178781711
-10.1809814069      2.026      5.10882111677
-10.1805962637      2.026      5.10638512966
-10.1803304079      2.026      5.10872297188
-10.1801687238      2.026      5.11249578887
-10.1789761933      2.026      5.1156284925
-10.1798293226      2.026      5.1154489249
-10.178479268      2.026      5.11619670326
-10.1786681293      2.026      5.11355649009
-10.1811177267      2.026      5.11605461251
-10.1783533448      2.026      5.11546726473
-10.1767244367      2.026      5.11779154326
-10.170349283      2.026      5.12385146328
-10.1547761479      2.026      5.12376200488
-10.1302744966      2.026      5.10716671766
-10.0990696843      2.026      5.11553037251
-10.0623650281      2.026      5.13497604272
-10.0131027653      2.026      5.16142976723
-9.96152315842      2.026      5.1687390466
-9.9104795758      2.026      5.17921081375
-9.86419194417      2.026      5.18792581555
-9.81203283665      2.026      5.19794848688
-9.74694046094      2.026      5.20119833307
-9.6862657714      2.026      5.20161968121
-9.61641466596      2.026      5.20687743531
-9.53646244976      2.026      5.21632184146
-9.44806475846      2.026      5.2149396967
-9.35686051162      2.026      5.22810210833
-9.27418903254      2.026      5.21736105497
-9.18698337095      2.026      5.20543476875
-9.09413810959      2.026      5.19593171017
-8.99565521518      2.026      5.19313290933
-8.89880619602      2.026      5.19220455177
-8.80592310517      2.026      5.20774092601
-8.71237562158      2.026      5.22905391126
-8.61706918637      2.026      5.26238987506
-8.5407958223      2.026      5.29696037782
-8.46143641819      2.026      5.32465758858
-8.37241417219      2.026      5.35287509356
-8.28627207895      2.026      5.37467345051
-8.20547531354      2.026      5.39736660953
-8.11369768159      2.026      5.41058365519
-8.02148563424      2.026      5.4155694735
-7.92667821194      2.026      5.42167227176
-7.83805667883      2.026      5.41552108468
-7.76309936358      2.026      5.4198139541
-7.67641543528      2.026      5.41904116219
-7.58567449335      2.026      5.41152472664
-7.492590706      2.026      5.3836463463
-7.40123839969      2.026      5.35071212116
-7.3167390587      2.026      5.30697288674
-7.23366477278      2.026      5.26043257224
-7.14394424267      2.026      5.21684717302
-7.06287351572      2.026      5.16931325992
-6.97526059324      2.026      5.11182850984
-6.89859693265      2.026      5.05327434938
-6.8077743603      2.026      4.9992733615
-6.71431819727      2.026      4.93904953046
-6.62728091969      2.026      4.87004185374
-6.53564916556      2.026      4.80435695658
-6.4383002369      2.026      4.73029560496
-6.35115241238      2.026      4.67603256577
-6.25951370572      2.026      4.61205770298
-6.16889566515      2.026      4.53904051215
-6.07641328545      2.026      4.46512590937
-5.98869813184      2.026      4.40188714624
-5.89708081214      2.026      4.32787109602
-5.79662696434      2.026      4.24428293094
-5.68986711451      2.026      4.16594519352
-5.5896619452      2.026      4.09330410314
-5.48714735696      2.026      4.02469860089
-5.37772732528      2.026      3.96268167053
-5.27411029595      2.026      3.89255537292
-5.16742669504      2.026      3.84494831688
-5.06615061988      2.026      3.79875527278
-4.94877694826      2.026      3.75763953609
-4.83655396957      2.026      3.69989637766
-4.73677224747      2.026      3.65845053142
-4.63025992599      2.026      3.6192691956
-4.52126881875      2.026      3.57425945846
-4.40694043621      2.026      3.55967751633
-4.30634290385      2.026      3.55883087459
-4.21995466254      2.026      3.56430067003
-4.12226404885      2.026      3.56810829192
6.74808217795      2.026      7.23532830126
6.88958277271      2.026      7.22252530931
7.01795163906      2.026      7.2055792125
7.14553762229      2.026      7.19508266628
7.27618631194      2.026      7.17086109303
7.40092862318      2.026      7.15752381442
7.52814776438      2.026      7.12832303718
7.64725282372      2.026      7.10495977147
7.7505463374      2.026      7.0741246528
7.85691344984      2.026      7.03694798816
7.95981678651      2.026      7.0004457054
8.05938976706      2.026      6.97073774799
-10.1791955015      2.026      5.11523810001
-10.1782470221      2.026      5.11128477273
-10.1783426803      2.026      5.11134128005
-10.1787558483      2.026      5.11111951379
-10.1788472979      2.026      5.11214019039
-10.17840243      2.026      5.11161090852
-10.1781319341      2.026      5.11297965284
-10.17798324      2.026      5.11068487818
-10.1788118978      2.026      5.11063774379
-10.1789821955      2.026      5.10868712779
-10.1790048218      2.026      5.11001111829
